#include "GaussQuad.h"


int const tri_gauss_num[triRules] = {1, 3, 7, 25};

double const tri_gauss_weight[triRules][25] = {
        {1.0},
        {1.0/3.0, 1.0/3.0, 1.0/3.0},
        {0.225, 0.1323941527, 0.1323941527, 0.1323941527, 0.1259391805, 0.1259391805, 0.1259391805},
        {0.090817990382754, 0.036725957756467, 0.036725957756467, 0.036725957756467, 0.045321059435528,
         0.045321059435528, 0.045321059435528, 0.072757916845420, 0.072757916845420, 0.072757916845420,
         0.072757916845420, 0.072757916845420, 0.072757916845420, 0.028327242531057, 0.028327242531057,
         0.028327242531057, 0.028327242531057, 0.028327242531057, 0.028327242531057, 0.009421666963733,
         0.009421666963733, 0.009421666963733, 0.009421666963733, 0.009421666963733, 0.009421666963733}
        };

double const tri_gauss_coef[triRules][25][3] = {
        {{1.0/3.0, 1.0/3.0, 1.0/3.0}},
        {{2.0/3, 1.0/6, 1.0/6},{1.0/6, 2.0/3, 1.0/6},{1.0/6, 1.0/6, 2.0/3}},
        {{1.0/3.0, 1.0/3.0, 1.0/3.0}, {0.0597158717, 0.4701420641, 0.4701420641},
        {0.4701420641, 0.0597158717, 0.4701420641}, {0.4701420641, 0.4701420641, 0.0597158717},
        {0.7974269853, 0.1012865073, 0.1012865073}, {0.1012865073, 0.7974269853, 0.1012865073},
        {0.1012865073, 0.1012865073, 0.7974269853}},
        {{0.333333333333333, 0.333333333333333, 0.333333333333333},
        {0.028844733232685, 0.485577633383657, 0.485577633383657},
        {0.485577633383657, 0.028844733232685, 0.485577633383657},
        {0.485577633383657, 0.485577633383657, 0.028844733232685},
        {0.781036849029926, 0.109481575485037, 0.109481575485037},
        {0.109481575485037, 0.781036849029926, 0.109481575485037},
        {0.109481575485037, 0.109481575485037, 0.781036849029926},
        {0.141707219414880, 0.307939838764121, 0.550352941820999},
        {0.141707219414880, 0.550352941820999, 0.307939838764121},
        {0.307939838764121, 0.141707219414880, 0.550352941820999},
        {0.307939838764121, 0.550352941820999, 0.141707219414880},
        {0.550352941820999, 0.141707219414880, 0.307939838764121},
        {0.550352941820999, 0.307939838764121, 0.141707219414880},
        {0.025003534762686, 0.246672560639903, 0.728323904597411},
        {0.025003534762686, 0.728323904597411, 0.246672560639903},
        {0.246672560639903, 0.728323904597411, 0.025003534762686},
        {0.246672560639903, 0.025003534762686, 0.728323904597411},
        {0.728323904597411, 0.025003534762686, 0.246672560639903},
        {0.728323904597411, 0.246672560639903, 0.025003534762686},
        {0.009540815400299, 0.066803251012200, 0.923655933587500},
        {0.009540815400299, 0.923655933587500, 0.066803251012200},
        {0.066803251012200, 0.009540815400299, 0.923655933587500},
        {0.066803251012200, 0.923655933587500, 0.009540815400299},
        {0.923655933587500, 0.009540815400299, 0.066803251012200},
        {0.923655933587500, 0.066803251012200, 0.009540815400299}}
        };



int const rect_gauss_num[rectRules] = {4, 6, 8, 9, 12, 14};

double const rect_gauss_weight[rectRules][25] = {
        {0.25, 0.25, 0.25, 0.25},

        {1.0/6.0, 1.0/6.0, 1.0/6.0, 1.0/6.0, 1.0/6.0, 1.0/6.0},

        {0.08696371128436346,0.16303628871563655,0.16303628871563655,0.08696371128436346,
         0.08696371128436346,0.16303628871563655,0.16303628871563655,0.08696371128436346},

        {0.0771604938271605,0.12345679012345678,0.0771604938271605,0.12345679012345678,0.19753086419753085,
        0.12345679012345678,0.0771604938271605,0.12345679012345678,0.0771604938271605},

        {0.04831317293575748, 0.07730107669721197, 0.04831317293575748, 0.09057571595313142,
         0.14492114552501026, 0.09057571595313142, 0.09057571595313142, 0.14492114552501026,
         0.09057571595313142, 0.04831317293575748, 0.07730107669721197, 0.04831317293575748},

//        {0.04831317293575748,0.09057571595313142,0.09057571595313142,0.04831317293575748,
//         0.07730107669721197,0.14492114552501026,0.14492114552501026,0.07730107669721197,
//         0.04831317293575748,0.09057571595313142,0.09057571595313142,0.04831317293575748},

        {0.225/2.0, 0.1323941527/2.0, 0.1323941527/2.0, 0.1323941527/2.0, 0.1259391805/2.0, 0.1259391805/2.0,
         0.1259391805/2.0, 0.225/2.0, 0.1323941527/2.0, 0.1323941527/2.0, 0.1323941527/2.0, 0.1259391805/2.0,
         0.1259391805/2.0, 0.1259391805/2.0}
        };

double const rect_gauss_coef[rectRules][25][4] = {
        {{0.6220084679281462, 0.16666666666666669, 0.16666666666666669, 0.044658198738520456},
        {0.16666666666666663, 0.04465819873852045, 0.6220084679281462, 0.16666666666666669},
        {0.16666666666666663, 0.6220084679281462, 0.04465819873852045, 0.16666666666666669},
        {0.044658198738520435, 0.16666666666666663, 0.16666666666666663, 0.6220084679281462}},

        {{2.0/3, 1.0/6, 0, 1.0/6},
         {1.0/6, 2.0/3, 0, 1.0/6},
         {1.0/6, 1.0/6, 0, 2.0/3},
         {0, 2.0/3, 1.0/6, 1.0/6},
         {0, 1.0/6, 2.0/3, 1.0/6},
         {0, 1.0/6, 1.0/6, 2.0/3}},

        {{0.7339159655228664, 0.19665219027415978, 0.014672675131027355, 0.05475916907194642},
         {0.5284048649518922, 0.14158565684053598, 0.06973920856465116, 0.2602702696429207},
         {0.2602702696429207, 0.06973920856465116, 0.14158565684053598, 0.5284048649518922},
         {0.05475916907194637, 0.014672675131027343, 0.19665219027415978, 0.7339159655228664},
         {0.19665219027415973, 0.7339159655228664, 0.05475916907194642, 0.01467267513102735},
         {0.14158565684053592, 0.5284048649518922, 0.2602702696429207, 0.06973920856465114},
         {0.06973920856465114, 0.2602702696429207, 0.5284048649518922, 0.14158565684053592},
         {0.01467267513102734, 0.05475916907194637, 0.7339159655228664, 0.19665219027415973}},

        {{0.7872983346207417, 0.09999999999999999, 0.012701665379258308, 0.09999999999999999},
         {0.44364916731037085, 0.05635083268962915, 0.05635083268962915, 0.44364916731037085},
         {0.09999999999999999, 0.012701665379258308, 0.09999999999999999, 0.7872983346207417},
         {0.44364916731037085, 0.44364916731037085, 0.05635083268962915, 0.05635083268962915},
         {0.25, 0.25, 0.25, 0.25},
         {0.05635083268962915, 0.05635083268962915, 0.44364916731037085, 0.44364916731037085},
         {0.09999999999999999, 0.7872983346207417, 0.09999999999999999, 0.012701665379258308},
         {0.05635083268962915, 0.44364916731037085, 0.44364916731037085, 0.05635083268962915},
         {0.012701665379258308, 0.09999999999999999, 0.7872983346207417, 0.09999999999999999}},

//        {{0, 2.0/3, 1.0/6, 1.0/6},
//         {0, 1.0/6, 2.0/3, 1.0/6},
//         {0, 1.0/6, 1.0/6, 2.0/3},
//         {2.0/3, 0, 1.0/6, 1.0/6},
//         {1.0/6, 0, 2.0/3, 1.0/6},
//         {1.0/6, 0, 1.0/6, 2.0/3},
//         {2.0/3, 1.0/6, 0, 1.0/6},
//         {1.0/6, 2.0/3, 0, 1.0/6},
//         {1.0/6, 1.0/6, 0, 2.0/3},
//         {2.0/3, 1.0/6, 1.0/6, 0},
//         {1.0/6, 2.0/3, 1.0/6, 0},
//         {1.0/6, 1.0/6, 2.0/3, 0}},

         {{0.8256915748897963 ,  0.061606759730945426 ,  0.007825084472028345 ,  0.10487658090722995},
          {0.4652840778985131 ,  0.034715922101486885 ,  0.034715922101486885 ,  0.4652840778985131},
          {0.10487658090722995 ,  0.007825084472028345 ,  0.061606759730945426 ,  0.8256915748897963},
          {0.5944814741981033 ,  0.2928168604226385 ,  0.0371926177849334 ,  0.0755090475943249},
          {0.33499526089621406 ,  0.16500473910378594 ,  0.16500473910378594 ,  0.33499526089621406},
          {0.0755090475943249 ,  0.0371926177849334 ,  0.2928168604226385 ,  0.5944814741981033},
          {0.2928168604226385 ,  0.5944814741981033 ,  0.0755090475943249 ,  0.0371926177849334},
          {0.16500473910378594 ,  0.33499526089621406 ,  0.33499526089621406 ,  0.16500473910378594},
          {0.0371926177849334 ,  0.0755090475943249 ,  0.5944814741981033 ,  0.2928168604226385},
          {0.06160675973094538 ,  0.8256915748897963 ,  0.10487658090722995 ,  0.007825084472028338},
          {0.03471592210148686 ,  0.4652840778985131 ,  0.4652840778985131 ,  0.03471592210148686},
          {0.007825084472028338 ,  0.10487658090722995 ,  0.8256915748897963 ,  0.06160675973094538}},

        {{0, 1.0/3.0, 1.0/3.0, 1.0/3.0},
        {0, 0.0597158717, 0.4701420641, 0.4701420641},
        {0, 0.4701420641, 0.0597158717, 0.4701420641},
        {0, 0.4701420641, 0.4701420641, 0.0597158717},
        {0, 0.7974269853, 0.1012865073, 0.1012865073},
        {0, 0.1012865073, 0.7974269853, 0.1012865073},
        {0, 0.1012865073, 0.1012865073, 0.7974269853},
        {1.0/3.0, 1.0/3.0, 0, 1.0/3.0},
        {0.0597158717, 0.4701420641, 0, 0.4701420641},
        {0.4701420641, 0.0597158717, 0, 0.4701420641},
        {0.4701420641, 0.4701420641, 0, 0.0597158717},
        {0.7974269853, 0.1012865073, 0, 0.1012865073},
        {0.1012865073, 0.7974269853, 0, 0.1012865073},
        {0.1012865073, 0.1012865073, 0, 0.7974269853}}
        };
